    atom               coordinates                        gradient
                 x          y          z           x          y          z
   1 Zr      0.395090  -3.014553  -0.320006    0.001905  -0.007068  -0.007152
   2 N       1.916752  -5.261907  -3.286389    0.000766   0.001381  -0.000389
   3 C       3.664748  -7.244471  -2.318561    0.000648  -0.000243   0.000366
   4 C       1.790662  -5.562198  -6.040977   -0.000759  -0.000556  -0.000394
   5 N      -1.616215  -6.050627   1.201929   -0.001719   0.002208  -0.000966
   6 C      -2.456179  -8.187247  -0.411730   -0.000261  -0.000549  -0.000883
   7 C      -1.804040  -6.727935   3.911480    0.000887  -0.000923   0.001443
   8 H       0.305392  -4.423175  -6.879400    0.000362  -0.000340   0.000109
   9 H       1.397016  -7.547382  -6.539916    0.000112   0.000466   0.000359
  10 H       3.589678  -5.059168  -6.970877   -0.000239  -0.000122  -0.000074
  11 H       3.618319  -7.363502  -0.264300    0.000209   0.000078  -0.000325
  12 H       5.629389  -6.873841  -2.902920   -0.000374  -0.000233   0.000094
  13 H       3.136204  -9.114578  -3.062860    0.000093   0.000298   0.000227
  14 H      -1.694202  -5.044642   5.088272   -0.000446  -0.000328  -0.000296
  15 H      -0.288256  -8.028800   4.502687    0.000147   0.000568   0.000315
  16 H      -3.620876  -7.659540   4.303689    0.000548  -0.000068  -0.000317
  17 H      -3.193015  -7.516400  -2.219750   -0.000516  -0.000089   0.000706
  18 H      -3.973062  -9.239737   0.540241    0.001254  -0.000480   0.000820
  19 H      -0.922409  -9.531104  -0.810017   -0.000201   0.000208  -0.000608
  20 N      -2.172995   0.182432   0.858269    0.000696   0.000057   0.000014
  21 C      -4.727369   0.260067   2.183448   -0.000396   0.000366   0.000532
  22 C      -1.444198   2.707917   0.534640    0.002486   0.000946  -0.000781
  23 O      -3.646094   4.306083   0.555707    0.000994   0.000049  -0.001025
  24 C      -5.842415   2.728735   1.081875   -0.001261   0.000407   0.000092
  25 H      -6.884849   2.377725  -0.675264    0.000002   0.000093   0.000616
  26 H      -7.050825   3.749099   2.405192    0.000473  -0.000469  -0.000315
  27 C       0.796094   3.949454   0.172804   -0.003010   0.003361   0.000339
  28 C       0.613198   6.720540  -0.436977   -0.000731   0.003624  -0.000611
  29 C       0.880460   7.611390  -2.917332   -0.000462  -0.001527   0.004134
  30 C       0.752014  10.192574  -3.477201   -0.000051  -0.000569   0.000517
  31 C       0.341511  11.944952  -1.547478    0.000036  -0.000520   0.000006
  32 C       0.050427  11.087085   0.936912    0.000064  -0.000965  -0.000183
  33 C       0.185728   8.508744   1.475114    0.000590  -0.002708  -0.002791
  34 H      -0.065734   7.858532   3.399258    0.000128   0.000687  -0.001222
  35 H       0.239112  13.947892  -1.970465    0.000038  -0.000819   0.000168
  36 H      -0.287455  12.427210   2.450936    0.000156  -0.000623  -0.000752
  37 H       1.167546   6.274753  -4.442977   -0.000111   0.000959   0.000607
  38 H       0.961946  10.827584  -5.415599   -0.000099  -0.000219   0.000844
  39 C       3.513580   2.861318   0.501960   -0.001956  -0.001757  -0.000865
  40 C       3.516024   0.344537   1.886239    0.003137  -0.000401   0.003961
  41 C       5.105151   4.739646   2.145846   -0.000189   0.001899   0.000583
  42 C       4.922134   2.584918  -2.063982    0.001897  -0.000946  -0.001885
  43 C       4.677276  -1.993593   1.112872   -0.006582   0.000363  -0.001090
  44 C       4.166407  -3.837918   3.031562    0.000148   0.000435   0.001492
  45 C       2.378030  -0.091066   4.270659    0.001373   0.000722   0.000062
  46 C       2.748336  -2.636008   4.962020    0.000936   0.000831   0.000203
  47 H       1.273891   1.277063   5.300779    0.000614  -0.000609  -0.000401
  48 H       6.035929  -2.241240  -0.388432    0.001222  -0.000612   0.002233
  49 H       4.893210  -5.743253   3.093847   -0.000705   0.000119  -0.000447
  50 H       2.067246  -3.527172   6.667745   -0.000044   0.000130  -0.000561
  51 C      -6.455852  -2.001661   1.614019   -0.000485  -0.001421  -0.000582
  52 C      -4.355539   0.536271   5.069083   -0.000052   0.000243   0.000697
  53 H      -7.211854  -1.911346  -0.310720   -0.000284   0.000795   0.000252
  54 H      -8.075754  -1.987980   2.903805    0.000271  -0.000139  -0.000324
  55 H      -5.439193  -3.780789   1.837584   -0.000239   0.000437  -0.000074
  56 H      -6.183372   0.741242   6.024417    0.000384  -0.000075  -0.000255
  57 H      -3.211108   2.203599   5.495602   -0.000408  -0.000640  -0.000195
  58 H      -3.398172  -1.123166   5.840493   -0.000190   0.000375  -0.000228
  59 H       6.994129   3.951285   2.449322   -0.000530   0.000175  -0.000106
  60 H       4.225284   5.032205   3.990447    0.000549  -0.000224  -0.000978
  61 H       6.870837   1.959561  -1.752515   -0.000643  -0.000219  -0.000074
  62 H       4.986827   4.394759  -3.054723    0.000368  -0.000799   0.000457
  63 H       5.295080   6.572457   1.216827    0.000036  -0.001003   0.000611
  64 H       3.990291   1.199531  -3.278957   -0.000146   0.000948   0.001326
  65 N      -1.440520  -0.481315  -4.321307   -0.001122   0.003192   0.003750
  66 H      -2.025019   1.033662  -3.293555   -0.000177   0.000179  -0.002073
  67 C      -0.097077   0.471713  -6.605088    0.000692  -0.000524  -0.000156
  68 C      -3.650335  -2.129910  -4.861925   -0.004464   0.012252   0.003275
  69 H      -4.911130  -2.059047  -3.243823    0.003500  -0.001167   0.001308
  70 H      -3.005479  -4.082084  -5.073621    0.001033   0.001222  -0.001100
  71 H      -4.669714  -1.723389  -6.624990    0.000442  -0.009644  -0.001898
  72 H       0.956761   2.164833  -6.095750   -0.000431  -0.000712  -0.000944
  73 H      -1.441858   0.962831  -8.109767    0.000397  -0.000233   0.000463
  74 H       1.234043  -0.909668  -7.338396   -0.000305   0.000467   0.000338
