    1 Zr                  40.0000     0.03061246    -1.69857011    -0.56801003
    2 N                    7.0000     1.38732363    -2.87980099    -1.67670200
    3 C                    6.0000     2.82482079    -3.17624091    -1.61555958
    4 C                    6.0000     0.77435584    -3.72643483    -2.72602994
    5 N                    7.0000    -1.33090936    -3.17498434     0.03816158
    6 C                    6.0000    -2.29537392    -3.82917728    -0.86326285
    7 C                    6.0000    -1.16249093    -3.95050245     1.28062972
    8 H                    1.0000    -0.27260442    -3.47428007    -2.87849537
    9 H                    1.0000     0.83989730    -4.79342146    -2.48192690
   10 H                    1.0000     1.28576210    -3.57701598    -3.68675565
   11 H                    1.0000     3.33025460    -2.57939582    -0.86502029
   12 H                    1.0000     3.31098879    -2.98292238    -2.58274189
   13 H                    1.0000     3.00462660    -4.23374544    -1.37816587
   14 H                    1.0000    -0.42169210    -3.48351091     1.93007383
   15 H                    1.0000    -0.81872222    -4.97197891     1.06648222
   16 H                    1.0000    -2.10574077    -4.03264877     1.84119119
   17 H                    1.0000    -2.42360872    -3.25332360    -1.77776360
   18 H                    1.0000    -3.28107661    -3.94361327    -0.39148845
   19 H                    1.0000    -1.95408576    -4.83517612    -1.14424022
   20 N                    7.0000    -1.15349752     0.17889206     0.65728467
   21 C                    6.0000    -2.34982282     0.11332722     1.61726415
   22 C                    6.0000    -0.72968471     1.40594207     0.61272242
   23 O                    8.0000    -1.45682681     2.32169470     1.35071872
   24 C                    6.0000    -2.64914042     1.61491847     1.87480684
   25 H                    1.0000    -3.50766898     1.98380768     1.31817908
   26 H                    1.0000    -2.74140802     1.86510844     2.92543406
   27 C                    6.0000     0.48028694     1.91756201    -0.11278378
   28 C                    6.0000     0.29638310     3.26027583    -0.81554806
   29 C                    6.0000     0.65386430     3.35140151    -2.17128683
   30 C                    6.0000     0.56376353     4.55740132    -2.86869591
   31 C                    6.0000     0.10835675     5.70718995    -2.22021466
   32 C                    6.0000    -0.26073623     5.63222654    -0.87438317
   33 C                    6.0000    -0.16516861     4.42460257    -0.17691196
   34 H                    1.0000    -0.47391205     4.37956307     0.85303411
   35 H                    1.0000     0.03577600     6.64402937    -2.75567407
   36 H                    1.0000    -0.62321048     6.51343491    -0.36182147
   37 H                    1.0000     1.00360213     2.46668749    -2.68517947
   38 H                    1.0000     0.84657963     4.59424271    -3.91172662
   39 C                    6.0000     1.77923620     1.81192290     0.84208426
   40 C                    6.0000     1.84079551     0.38352236     1.36019935
   41 C                    6.0000     1.73089726     2.82811109     2.00415879
   42 C                    6.0000     3.02115496     2.12602482    -0.02873767
   43 C                    6.0000     2.06766445    -0.78206107     0.53300921
   44 C                    6.0000     2.03365975    -1.93326074     1.41861588
   45 C                    6.0000     1.61502482    -0.05557815     2.66350163
   46 C                    6.0000     1.71607214    -1.47859446     2.69734668
   47 H                    1.0000     1.39117354     0.56679397     3.51408142
   48 H                    1.0000     2.65780255    -0.74020276    -0.37125071
   49 H                    1.0000     2.29413264    -2.94470284     1.15393154
   50 H                    1.0000     1.59192542    -2.09608421     3.57300546
   51 C                    6.0000    -3.54537063    -0.60197793     0.98160226
   52 C                    6.0000    -1.91713274    -0.58282958     2.91593827
   53 H                    1.0000    -3.89369487    -0.07973795     0.09218248
   54 H                    1.0000    -4.37267874    -0.64164905     1.69241614
   55 H                    1.0000    -3.26726186    -1.61703630     0.71009272
   56 H                    1.0000    -2.75218884    -0.59281314     3.61931730
   57 H                    1.0000    -1.07866330    -0.06590975     3.37384407
   58 H                    1.0000    -1.61492347    -1.60785364     2.72402367
   59 H                    1.0000     2.59671363     2.67363436     2.64696434
   60 H                    1.0000     0.83400233     2.72293606     2.61128374
   61 H                    1.0000     3.92159929     1.96828446     0.56349692
   62 H                    1.0000     3.00776427     3.15882744    -0.37456016
   63 H                    1.0000     1.77062061     3.84850671     1.62877053
   64 H                    1.0000     3.07547506     1.47634991    -0.90164080
   65 N                    7.0000    -0.65973326    -0.78188506    -2.31538165
   66 H                    1.0000     0.66889862     1.18225284    -0.89479434
   67 C                    6.0000     0.10868010    -0.56365316    -3.55345880
   68 C                    6.0000    -2.05280414    -0.31379512    -2.47086746
   69 H                    1.0000    -2.62035127    -0.48347936    -1.55284571
   70 H                    1.0000    -2.55635352    -0.84357966    -3.28993378
   71 H                    1.0000    -2.09439241     0.76307102    -2.69492483
   72 H                    1.0000     1.15051379    -0.82834543    -3.39285202
   73 H                    1.0000     0.06548328     0.48495349    -3.88143033
   74 H                    1.0000    -0.27132416    -1.17178632    -4.38656234
