    1 Zr                  40.0000     0.20130611    -1.72853513     0.09941995
    2 N                    7.0000     0.79144228    -3.26031266    -1.23078219
    3 C                    6.0000     1.40368343    -4.48001080    -0.66380286
    4 C                    6.0000     0.70386090    -3.38996401    -2.68711826
    5 N                    7.0000    -1.17171902    -3.08082063     0.97326629
    6 C                    6.0000    -1.67260162    -4.31516906     0.33462328
    7 C                    6.0000    -1.71790751    -3.02042076     2.34256181
    8 H                    1.0000     0.20372995    -2.52803861    -3.12793461
    9 H                    1.0000     0.12608457    -4.28823981    -2.97139303
   10 H                    1.0000     1.69673752    -3.49386740    -3.16004580
   11 H                    1.0000     1.37378501    -4.46344686     0.42833622
   12 H                    1.0000     2.45572826    -4.58625669    -0.98041169
   13 H                    1.0000     0.86946222    -5.38688714    -0.99435044
   14 H                    1.0000    -1.42756210    -2.10221340     2.85253620
   15 H                    1.0000    -1.37216570    -3.87681144     2.94922859
   16 H                    1.0000    -2.82007791    -3.06321255     2.33229885
   17 H                    1.0000    -1.31192742    -4.38923607    -0.69008668
   18 H                    1.0000    -2.77640016    -4.33412867     0.31855849
   19 H                    1.0000    -1.34846777    -5.21234137     0.89034916
   20 N                    7.0000    -1.20732550    -0.02476489    -0.03422545
   21 C                    6.0000    -2.71174875    -0.11236167    -0.24413063
   22 C                    6.0000    -0.88724926     1.33778572    -0.03516405
   23 O                    8.0000    -1.94474126     2.09032826    -0.64078737
   24 C                    6.0000    -2.97826797     1.16215449    -1.07263931
   25 H                    1.0000    -2.88593661     0.97654447    -2.15042089
   26 H                    1.0000    -3.94754698     1.62028660    -0.86584449
   27 C                    6.0000     0.18937405     2.08735685     0.35958506
   28 C                    6.0000     0.12240380     3.55880974     0.02377960
   29 C                    6.0000     0.79701935     4.08043661    -1.09684540
   30 C                    6.0000     0.74694740     5.44371157    -1.40954718
   31 C                    6.0000     0.01407798     6.32220183    -0.60448270
   32 C                    6.0000    -0.67234033     5.82277605     0.50857614
   33 C                    6.0000    -0.61890661     4.45912107     0.81492860
   34 H                    1.0000    -1.17333029     4.07595421     1.66545687
   35 H                    1.0000    -0.02630337     7.38047596    -0.84465411
   36 H                    1.0000    -1.25429058     6.49406543     1.13355297
   37 H                    1.0000     1.36401320     3.40625283    -1.73214459
   38 H                    1.0000     1.27643621     5.81726831    -2.28138476
   39 C                    6.0000     1.34249851     1.66387806     1.31413376
   40 C                    6.0000     1.49581759     0.15928762     1.51530702
   41 C                    6.0000     1.08933965     2.30369344     2.71909359
   42 C                    6.0000     2.69744223     2.23563071     0.80520963
   43 C                    6.0000     2.50340489    -0.67670493     0.94182710
   44 C                    6.0000     2.38754054    -1.98675011     1.48579083
   45 C                    6.0000     0.76156077    -0.65636851     2.42928250
   46 C                    6.0000     1.30940013    -1.97167180     2.41720967
   47 H                    1.0000    -0.06446106    -0.32183468     3.03772689
   48 H                    1.0000     3.27375899    -0.36196142     0.25736662
   49 H                    1.0000     3.03099445    -2.82517739     1.26409898
   50 H                    1.0000     0.98092533    -2.80329822     3.02229944
   51 C                    6.0000    -3.15865693    -1.35280325    -1.02523145
   52 C                    6.0000    -3.44394833    -0.01647109     1.11095287
   53 H                    1.0000    -2.58299239    -1.46215479    -1.95246980
   54 H                    1.0000    -4.21782619    -1.25721345    -1.29582759
   55 H                    1.0000    -3.03582624    -2.25674168    -0.43045191
   56 H                    1.0000    -4.53226937    -0.03824542     0.96755246
   57 H                    1.0000    -3.18285744     0.91919047     1.61736130
   58 H                    1.0000    -3.16317298    -0.85112354     1.75517629
   59 H                    1.0000     1.89180257     2.02753400     3.41299604
   60 H                    1.0000     0.13606654     1.96872233     3.13935561
   61 H                    1.0000     3.50734996     1.93936803     1.48109905
   62 H                    1.0000     2.66321461     3.32661471     0.76429572
   63 H                    1.0000     1.06009106     3.39398480     2.63910848
   64 H                    1.0000     2.94167313     1.87655324    -0.20132376
   65 N                    7.0000     1.05700437    -0.15792775    -1.99338188
   66 H                    1.0000     1.06383867     0.65351597    -1.36286678
   67 C                    6.0000     2.41858282    -0.40685352    -2.53463132
   68 C                    6.0000     0.10580670     0.15781290    -3.09374748
   69 H                    1.0000    -0.85037892     0.45380391    -2.66905860
   70 H                    1.0000    -0.04294587    -0.71758318    -3.73020138
   71 H                    1.0000     0.48105534     0.97606790    -3.72753560
   72 H                    1.0000     3.15192639    -0.39802862    -1.72988375
   73 H                    1.0000     2.70393659     0.35298566    -3.27898365
   74 H                    1.0000     2.45033439    -1.38749167    -3.01183018
