    1 Zr                  40.0000     0.26799051    -1.73472109     0.21194459
    2 N                    7.0000     1.39197351    -3.27667639    -0.76000429
    3 C                    6.0000     1.64590620    -4.46428175     0.09555771
    4 C                    6.0000     2.09111635    -3.50456446    -2.02798077
    5 N                    7.0000    -1.21487057    -3.15514195     0.68327962
    6 C                    6.0000    -1.51717363    -4.33633753    -0.15124634
    7 C                    6.0000    -2.02760976    -3.22142082     1.91120410
    8 H                    1.0000     1.91102593    -2.71024497    -2.74714813
    9 H                    1.0000     1.76512896    -4.45078017    -2.49685580
   10 H                    1.0000     3.18540146    -3.58839450    -1.88745347
   11 H                    1.0000     1.07806216    -4.41552754     1.02611657
   12 H                    1.0000     2.71786302    -4.55560044     0.34547517
   13 H                    1.0000     1.35323965    -5.39176695    -0.42437939
   14 H                    1.0000    -1.89412950    -2.33054562     2.52567330
   15 H                    1.0000    -1.76317937    -4.10485378     2.51946162
   16 H                    1.0000    -3.10213065    -3.30586579     1.67459618
   17 H                    1.0000    -0.91852154    -4.32169458    -1.06251057
   18 H                    1.0000    -2.58361794    -4.36462999    -0.43189397
   19 H                    1.0000    -1.30418170    -5.27288280     0.39181621
   20 N                    7.0000    -1.20995478    -0.05085594    -0.16169036
   21 C                    6.0000    -2.69693529    -0.13046732    -0.48179479
   22 C                    6.0000    -0.90003522     1.31331855    -0.17616014
   23 O                    8.0000    -1.87897285     2.03897317    -0.93299693
   24 C                    6.0000    -2.86457041     1.08505321    -1.41668134
   25 H                    1.0000    -2.65186965     0.82640761    -2.46229055
   26 H                    1.0000    -3.84673749     1.55747037    -1.35006580
   27 C                    6.0000     0.12372196     2.08050048     0.31813977
   28 C                    6.0000     0.13908586     3.52807193    -0.11093959
   29 C                    6.0000     1.01658813     3.97392486    -1.11813631
   30 C                    6.0000     1.05145515     5.31578738    -1.51488478
   31 C                    6.0000     0.20154046     6.24825188    -0.91073225
   32 C                    6.0000    -0.68612419     5.82385654     0.08504047
   33 C                    6.0000    -0.71639112     4.48161024     0.47682170
   34 H                    1.0000    -1.42374310     4.15672850     1.23243746
   35 H                    1.0000     0.22609200     7.29019218    -1.21539091
   36 H                    1.0000    -1.35918591     6.53680579     0.55252539
   37 H                    1.0000     1.67693370     3.25657310    -1.59703427
   38 H                    1.0000     1.73855088     5.63020017    -2.29532069
   39 C                    6.0000     1.09245392     1.70572438     1.47448227
   40 C                    6.0000     1.18974652     0.21322885     1.77542134
   41 C                    6.0000     0.59210067     2.41083021     2.78095022
   42 C                    6.0000     2.51880672     2.26307625     1.20662439
   43 C                    6.0000     2.30386136    -0.64564083     1.49702566
   44 C                    6.0000     2.06701281    -1.91409598     2.09056114
   45 C                    6.0000     0.26520073    -0.55486998     2.55075951
   46 C                    6.0000     0.80224349    -1.86086713     2.74230947
   47 H                    1.0000    -0.68136426    -0.20121962     2.92961041
   48 H                    1.0000     3.19516636    -0.37957189     0.95015474
   49 H                    1.0000     2.73564647    -2.76058600     2.06094942
   50 H                    1.0000     0.34877569    -2.65971118     3.30999585
   51 C                    6.0000    -3.13807474    -1.40820263    -1.19945692
   52 C                    6.0000    -3.52310755     0.07682493     0.80828428
   53 H                    1.0000    -2.55972327    -1.57540846    -2.11552372
   54 H                    1.0000    -4.19512804    -1.32104757    -1.48023151
   55 H                    1.0000    -3.01804587    -2.27727571    -0.55723218
   56 H                    1.0000    -4.59833160     0.08235429     0.58729929
   57 H                    1.0000    -3.26479478     1.03176677     1.27854058
   58 H                    1.0000    -3.32167113    -0.72619548     1.52142654
   59 H                    1.0000     1.25434386     2.16971458     3.62040838
   60 H                    1.0000    -0.42316947     2.09290536     3.03637817
   61 H                    1.0000     3.17482728     2.03223321     2.05323292
   62 H                    1.0000     2.48876668     3.34753193     1.07974959
   63 H                    1.0000     0.58441492     3.49614986     2.64474790
   64 H                    1.0000     2.96628237     1.84030346     0.30167143
   65 N                    7.0000     1.10909715    -0.36288703    -1.78777021
   66 H                    1.0000     0.74307421     0.51626141    -1.40316186
   67 C                    6.0000     2.56987891    -0.17401161    -2.02677747
   68 C                    6.0000     0.34540297    -0.64077715    -3.04156248
   69 H                    1.0000    -0.71167376    -0.46324994    -2.84577564
   70 H                    1.0000     0.46967756    -1.67692529    -3.35778893
   71 H                    1.0000     0.66922869     0.01907003    -3.85886384
   72 H                    1.0000     2.99224584     0.40054198    -1.20234940
   73 H                    1.0000     2.74919978     0.37551487    -2.96231459
   74 H                    1.0000     3.08636785    -1.13066748    -2.07864503
