    1 Zr                  40.0000     0.27889743    -1.73348002     0.21419684
    2 N                    7.0000     1.34606718    -3.30397046    -0.77504724
    3 C                    6.0000     1.64767819    -4.47771876     0.08032549
    4 C                    6.0000     1.95013287    -3.55491501    -2.08727590
    5 N                    7.0000    -1.20602523    -3.14358937     0.72056142
    6 C                    6.0000    -1.51443701    -4.35751575    -0.06110360
    7 C                    6.0000    -2.02949809    -3.14470007     1.94362511
    8 H                    1.0000     1.71508437    -2.77123811    -2.80274121
    9 H                    1.0000     1.58916198    -4.50837513    -2.51387991
   10 H                    1.0000     3.05161747    -3.63868958    -2.02691652
   11 H                    1.0000     1.15074107    -4.40238924     1.04878162
   12 H                    1.0000     2.73419389    -4.57838560     0.25317061
   13 H                    1.0000     1.30599427    -5.41224411    -0.39601189
   14 H                    1.0000    -1.87489244    -2.23725852     2.52853896
   15 H                    1.0000    -1.79315046    -4.01419828     2.58306206
   16 H                    1.0000    -3.10442652    -3.20826658     1.70234382
   17 H                    1.0000    -0.89992237    -4.39511943    -0.96062629
   18 H                    1.0000    -2.57639465    -4.38197063    -0.36071221
   19 H                    1.0000    -1.32878170    -5.27006863     0.53129447
   20 N                    7.0000    -1.19848652    -0.05684274    -0.15874217
   21 C                    6.0000    -2.67593878    -0.14553053    -0.52202936
   22 C                    6.0000    -0.89037220     1.30770696    -0.18131575
   23 O                    8.0000    -1.85657410     2.02600966    -0.95988715
   24 C                    6.0000    -2.82640034     1.06730678    -1.46423161
   25 H                    1.0000    -2.58989687     0.80797980    -2.50471829
   26 H                    1.0000    -3.81240701     1.53500251    -1.42184596
   27 C                    6.0000     0.11846438     2.08375551     0.33030153
   28 C                    6.0000     0.12117389     3.53217158    -0.09632879
   29 C                    6.0000     0.97253939     3.98542697    -1.12279678
   30 C                    6.0000     0.99049373     5.32869625    -1.51648287
   31 C                    6.0000     0.15013417     6.25502539    -0.88946738
   32 C                    6.0000    -0.71127936     5.82317950     0.12605858
   33 C                    6.0000    -0.72521913     4.47987120     0.51412312
   34 H                    1.0000    -1.41410007     4.14881643     1.28414861
   35 H                    1.0000     0.16161499     7.29807243    -1.19184898
   36 H                    1.0000    -1.37737551     6.53118210     0.61124957
   37 H                    1.0000     1.62644580     3.27289812    -1.61807159
   38 H                    1.0000     1.65728013     5.64932047    -2.31219119
   39 C                    6.0000     1.08249232     1.71488887     1.49159644
   40 C                    6.0000     1.20385523     0.21992889     1.77849641
   41 C                    6.0000     0.56566958     2.39873959     2.80009734
   42 C                    6.0000     2.50058235     2.29259016     1.22827965
   43 C                    6.0000     2.32477642    -0.62194285     1.47745849
   44 C                    6.0000     2.11169687    -1.90045673     2.05989452
   45 C                    6.0000     0.29996571    -0.56868804     2.55690092
   46 C                    6.0000     0.85479705    -1.86985349     2.72918630
   47 H                    1.0000    -0.64609194    -0.22867603     2.95056939
   48 H                    1.0000     3.21244590    -0.33694559     0.93397937
   49 H                    1.0000     2.79405440    -2.73602982     2.01691624
   50 H                    1.0000     0.41729323    -2.67950606     3.29370658
   51 C                    6.0000    -3.08658713    -1.42873428    -1.24805592
   52 C                    6.0000    -3.53893040     0.06499688     0.74201246
   53 H                    1.0000    -2.47435786    -1.59720208    -2.14220305
   54 H                    1.0000    -4.13354163    -1.34762676    -1.56722956
   55 H                    1.0000    -2.98732282    -2.29551902    -0.59853497
   56 H                    1.0000    -4.60745152     0.06947666     0.48909091
   57 H                    1.0000    -3.29415477     1.02243644     1.21504183
   58 H                    1.0000    -3.35841095    -0.73501257     1.46398480
   59 H                    1.0000     1.21948798     2.14857864     3.64412319
   60 H                    1.0000    -0.45133546     2.07246847     3.03967539
   61 H                    1.0000     3.16169126     2.06306973     2.07188929
   62 H                    1.0000     2.45655392     3.37764590     1.10869696
   63 H                    1.0000     0.55454111     3.48597251     2.67961446
   64 H                    1.0000     2.94987470     1.88078505     0.31769496
   65 N                    7.0000     1.16737788    -0.35022926    -1.75915615
   66 H                    1.0000     0.86696812     0.54092276    -1.34161216
   67 C                    6.0000     2.63444336    -0.26561589    -2.01876661
   68 C                    6.0000     0.38000094    -0.53430714    -3.01446146
   69 H                    1.0000    -0.66339375    -0.29921714    -2.81074687
   70 H                    1.0000     0.44298417    -1.56564133    -3.36487397
   71 H                    1.0000     0.75028767     0.12265145    -3.81450156
   72 H                    1.0000     3.11273141     0.27013845    -1.19842685
   73 H                    1.0000     2.83953261     0.27598171    -2.95338886
   74 H                    1.0000     3.07581681    -1.25873019    -2.08482898
