    1 Zr                  40.0000     0.28321017    -1.73788833     0.21616147
    2 N                    7.0000     1.31764543    -3.32382138    -0.77715268
    3 C                    6.0000     1.64847193    -4.48778868     0.08006124
    4 C                    6.0000     1.88043199    -3.58185741    -2.10647305
    5 N                    7.0000    -1.20437664    -3.13626954     0.74607743
    6 C                    6.0000    -1.51714280    -4.37363864     0.00525227
    7 C                    6.0000    -2.04677516    -3.08409141     1.95505226
    8 H                    1.0000     1.60014294    -2.81426163    -2.82432318
    9 H                    1.0000     1.52496116    -4.54915236    -2.50606449
   10 H                    1.0000     2.98511687    -3.64100287    -2.08691694
   11 H                    1.0000     1.19215492    -4.39706173     1.06770335
   12 H                    1.0000     2.74073063    -4.59252673     0.20867076
   13 H                    1.0000     1.28175562    -5.42671021    -0.36829681
   14 H                    1.0000    -1.87764055    -2.16629094     2.51957490
   15 H                    1.0000    -1.84377394    -3.94301204     2.62011070
   16 H                    1.0000    -3.11911601    -3.12578184     1.69800538
   17 H                    1.0000    -0.88634038    -4.45390719    -0.87975205
   18 H                    1.0000    -2.57345167    -4.39259648    -0.31558933
   19 H                    1.0000    -1.35991445    -5.26580685     0.63590691
   20 N                    7.0000    -1.19145757    -0.06501217    -0.15695347
   21 C                    6.0000    -2.66149399    -0.15654370    -0.55417980
   22 C                    6.0000    -0.88265817     1.29952457    -0.18393789
   23 O                    8.0000    -1.83823659     2.01357100    -0.98005737
   24 C                    6.0000    -2.79243690     1.05084650    -1.50494841
   25 H                    1.0000    -2.52984711     0.78829147    -2.53846565
   26 H                    1.0000    -3.78088121     1.51518548    -1.49006512
   27 C                    6.0000     0.11117287     2.08358515     0.34416545
   28 C                    6.0000     0.10141006     3.53377545    -0.07750774
   29 C                    6.0000     0.92262822     3.99199557    -1.12630746
   30 C                    6.0000     0.92715357     5.33659127    -1.51573791
   31 C                    6.0000     0.10337265     6.25967225    -0.86199885
   32 C                    6.0000    -0.72832956     5.82329062     0.17592639
   33 C                    6.0000    -0.72946109     4.47777307     0.55956781
   34 H                    1.0000    -1.39674324     4.14291270     1.34727357
   35 H                    1.0000     0.10483609     7.30381031    -1.16116685
   36 H                    1.0000    -1.38188701     6.52851902     0.68200352
   37 H                    1.0000     1.56467423     3.28231191    -1.64116292
   38 H                    1.0000     1.57115194     5.66123085    -2.32854824
   39 C                    6.0000     1.08435973     1.71632140     1.49781142
   40 C                    6.0000     1.21543201     0.22066998     1.77877990
   41 C                    6.0000     0.57780652     2.39236522     2.81541956
   42 C                    6.0000     2.49759673     2.30030511     1.22055653
   43 C                    6.0000     2.33798722    -0.61433718     1.46652842
   44 C                    6.0000     2.13500861    -1.89769035     2.04315582
   45 C                    6.0000     0.31995503    -0.57686297     2.55918242
   46 C                    6.0000     0.88237646    -1.87620906     2.72164798
   47 H                    1.0000    -0.62533732    -0.24217402     2.95995505
   48 H                    1.0000     3.22380178    -0.31892918     0.92563391
   49 H                    1.0000     2.82295492    -2.72881076     1.99358067
   50 H                    1.0000     0.45068763    -2.69123928     3.28418208
   51 C                    6.0000    -3.05380889    -1.44550962    -1.27970427
   52 C                    6.0000    -3.55205667     0.06552243     0.68868983
   53 H                    1.0000    -2.42228592    -1.61774972    -2.15975136
   54 H                    1.0000    -4.09407662    -1.36938098    -1.62141309
   55 H                    1.0000    -2.96575390    -2.30836796    -0.62295724
   56 H                    1.0000    -4.61445597     0.07182633     0.41072312
   57 H                    1.0000    -3.31479184     1.02618732     1.15919192
   58 H                    1.0000    -3.39170039    -0.72877244     1.42124278
   59 H                    1.0000     1.23595001     2.13161230     3.65308482
   60 H                    1.0000    -0.43921111     2.06785423     3.05843938
   61 H                    1.0000     3.16843973     2.07446917     2.05778906
   62 H                    1.0000     2.44727060     3.38516189     1.10013745
   63 H                    1.0000     0.57135179     3.48071758     2.70454150
   64 H                    1.0000     2.93857419     1.88876866     0.30525430
   65 N                    7.0000     1.20221341    -0.34502582    -1.75309907
   66 H                    1.0000     0.93170192     0.54531632    -1.31315283
   67 C                    6.0000     2.66904261    -0.30869833    -2.01995460
   68 C                    6.0000     0.40627577    -0.47441717    -3.00943773
   69 H                    1.0000    -0.62746016    -0.20785301    -2.79783967
   70 H                    1.0000     0.43346875    -1.50009124    -3.38079801
   71 H                    1.0000     0.79609809     0.18688792    -3.79669527
   72 H                    1.0000     3.17595037     0.17102325    -1.18196845
   73 H                    1.0000     2.89071163     0.26290742    -2.93331928
   74 H                    1.0000     3.06734567    -1.31636944    -2.13171615
